time	V(escalon)	V(vout)
0.000000000000000e+00	0.000000e+00	0.000000e+00
9.999999824516700e-15	1.000000e+00	5.315518e-06
1.000000000000000e-12	1.000000e+00	5.315940e-06
6.001771323425848e-10	1.000000e+00	5.331588e-06
1.199354264685170e-09	1.000000e+00	5.164537e-06
1.798531397027755e-09	1.000000e+00	4.814785e-06
2.397708529370339e-09	1.000000e+00	4.282334e-06
2.996885661712924e-09	1.000000e+00	3.567182e-06
3.596062794055509e-09	1.000000e+00	2.669331e-06
4.195239926398093e-09	1.000000e+00	1.588780e-06
7.961860340669363e-09	1.000000e+00	-6.801375e-06
1.209796199319844e-08	1.000000e+00	-1.520912e-05
1.615225112856279e-08	1.000000e+00	-1.451130e-05
2.002812942252918e-08	1.000000e+00	3.074191e-06
2.425001060751888e-08	1.000000e+00	5.134442e-05
2.910077668421893e-08	1.000000e+00	1.577487e-04
3.370313987822260e-08	1.000000e+00	3.213249e-04
3.793914800377022e-08	1.000000e+00	5.351388e-04
4.378014584873482e-08	1.000000e+00	9.421671e-04
5.048046960541827e-08	1.000000e+00	1.581055e-03
5.941355889666333e-08	1.000000e+00	2.726206e-03
7.012366825516472e-08	1.000000e+00	4.516337e-03
8.208666145510221e-08	1.000000e+00	6.962244e-03
9.692396132361714e-08	1.000000e+00	1.040821e-02
1.166042007662757e-07	1.000000e+00	1.510501e-02
1.453684238348731e-07	1.000000e+00	2.084784e-02
1.768630234250799e-07	1.000000e+00	2.429976e-02
2.145546498347704e-07	1.000000e+00	2.415116e-02
2.509386380196355e-07	1.000000e+00	2.074528e-02
2.774197746778071e-07	1.000000e+00	1.726075e-02
3.025868408149234e-07	1.000000e+00	1.386173e-02
3.317447637821802e-07	1.000000e+00	1.029691e-02
3.583708112599797e-07	1.000000e+00	7.596635e-03
3.853112036792110e-07	1.000000e+00	5.455086e-03
4.104948096660010e-07	1.000000e+00	3.944194e-03
4.370115619175151e-07	1.000000e+00	2.775575e-03
4.693731090239638e-07	1.000000e+00	1.792118e-03
5.077181280022608e-07	1.000000e+00	1.062168e-03
5.440018601044877e-07	1.000000e+00	6.517118e-04
5.781511751576183e-07	1.000000e+00	4.158811e-04
6.148543969934036e-07	1.000000e+00	2.603574e-04
6.489552402230098e-07	1.000000e+00	1.726314e-04
6.907099017729803e-07	1.000000e+00	1.089379e-04
7.371462454782636e-07	1.000000e+00	7.111533e-05
7.967538890905722e-07	1.000000e+00	4.821140e-05
8.665797618117941e-07	1.000000e+00	3.788941e-05
9.615617361077186e-07	1.000000e+00	3.370325e-05
4.007403904284820e-06	1.000000e+00	5.773224e-05
7.053246072461922e-06	1.000000e+00	1.152953e-04
1.009908824063902e-05	1.000000e+00	2.063925e-04
1.314493040881613e-05	1.000000e+00	3.310239e-04
1.619077257699323e-05	1.000000e+00	4.891893e-04
1.923661474517033e-05	1.000000e+00	6.808889e-04
2.228245691334742e-05	1.000000e+00	9.061226e-04
4.361301646441209e-05	1.000000e+00	3.392849e-03
8.627413556654140e-05	1.000000e+00	1.303494e-02
1.171572230536897e-04	1.000000e+00	2.377138e-02
1.295770116777391e-04	1.000000e+00	2.894555e-02
1.399512475896117e-04	1.000000e+00	3.363273e-02
1.567902220973709e-04	1.000000e+00	4.193215e-02
1.837375442704606e-04	1.000000e+00	5.693923e-02
2.248823810582665e-04	1.000000e+00	8.374152e-02
2.799123179155546e-04	1.000000e+00	1.263565e-01
3.339213948060381e-04	1.000000e+00	1.749397e-01
3.661007274499071e-04	1.000000e+00	2.067275e-01
3.791806575998754e-04	1.000000e+00	2.201976e-01
3.893062340866959e-04	1.000000e+00	2.308287e-01
4.057467643055263e-04	1.000000e+00	2.484495e-01
4.320884316689391e-04	1.000000e+00	2.775488e-01
4.724596078401325e-04	1.000000e+00	3.239917e-01
5.269950433500300e-04	1.000000e+00	3.896585e-01
5.816456065714313e-04	1.000000e+00	4.580118e-01
6.150582746960774e-04	1.000000e+00	5.006838e-01
6.287886083465998e-04	1.000000e+00	5.183497e-01
6.386681620137442e-04	1.000000e+00	5.310940e-01
6.547139578507351e-04	1.000000e+00	5.518340e-01
6.804529623150424e-04	1.000000e+00	5.851579e-01
7.200429359334054e-04	1.000000e+00	6.363539e-01
7.740416845195735e-04	1.000000e+00	7.055416e-01
8.292771253446847e-04	1.000000e+00	7.748378e-01
8.639508444300013e-04	1.000000e+00	8.172468e-01
8.783709484011589e-04	1.000000e+00	8.345799e-01
8.879883443657329e-04	1.000000e+00	8.460299e-01
9.036129765921137e-04	1.000000e+00	8.644312e-01
9.287061561781383e-04	1.000000e+00	8.934285e-01
9.674467850434483e-04	1.000000e+00	9.367237e-01
1.020821227054129e-03	1.000000e+00	9.930998e-01
1.076619486542522e-03	1.000000e+00	1.047511e+00
1.112679502177302e-03	1.000000e+00	1.079994e+00
1.127889809645364e-03	1.000000e+00	1.093027e+00
1.137205131545698e-03	1.000000e+00	1.100807e+00
1.152343811203023e-03	1.000000e+00	1.113117e+00
1.176688340079700e-03	1.000000e+00	1.132031e+00
1.214429141692208e-03	1.000000e+00	1.159144e+00
1.267016612673075e-03	1.000000e+00	1.192305e+00
1.323377804845854e-03	1.000000e+00	1.221698e+00
1.361085499011260e-03	1.000000e+00	1.237739e+00
1.377283755519483e-03	1.000000e+00	1.243728e+00
1.386218484471433e-03	1.000000e+00	1.246798e+00
1.400743941275173e-03	1.000000e+00	1.251436e+00
1.424138663677781e-03	1.000000e+00	1.257984e+00
1.460588378493932e-03	1.000000e+00	1.265924e+00
1.512080612317596e-03	1.000000e+00	1.272480e+00
1.569005565234409e-03	1.000000e+00	1.273476e+00
1.608855697170611e-03	1.000000e+00	1.270347e+00
1.626430021366839e-03	1.000000e+00	1.267989e+00
1.634828481932881e-03	1.000000e+00	1.266654e+00
1.648488210940548e-03	1.000000e+00	1.264199e+00
1.670532932483939e-03	1.000000e+00	1.259506e+00
1.705106393673824e-03	1.000000e+00	1.250368e+00
1.754858571754905e-03	1.000000e+00	1.233556e+00
1.812265409055033e-03	1.000000e+00	1.209082e+00
1.855224820347308e-03	1.000000e+00	1.187437e+00
1.875022444378256e-03	1.000000e+00	1.176560e+00
1.882536546596838e-03	1.000000e+00	1.172290e+00
1.894764822759578e-03	1.000000e+00	1.165177e+00
1.914556139154429e-03	1.000000e+00	1.153251e+00
1.945899059772408e-03	1.000000e+00	1.133361e+00
1.992282333720498e-03	1.000000e+00	1.101837e+00
2.049547375147183e-03	1.000000e+00	1.059855e+00
2.097664731406222e-03	1.000000e+00	1.022310e+00
2.122004206468595e-03	1.000000e+00	1.002635e+00
2.131386074475218e-03	1.000000e+00	9.949426e-01
2.142894258036956e-03	1.000000e+00	9.854299e-01
2.161543038994080e-03	1.000000e+00	9.698477e-01
2.191205194451064e-03	1.000000e+00	9.446815e-01
2.235667796585370e-03	1.000000e+00	9.062343e-01
2.292359051976949e-03	1.000000e+00	8.563161e-01
2.342941166633753e-03	1.000000e+00	8.112997e-01
2.370043862001614e-03	1.000000e+00	7.871186e-01
2.380655882576160e-03	1.000000e+00	7.776558e-01
2.391706587245211e-03	1.000000e+00	7.678114e-01
2.409626705196034e-03	1.000000e+00	7.518775e-01
2.438203210905827e-03	1.000000e+00	7.265798e-01
2.481369593846573e-03	1.000000e+00	6.887457e-01
2.537505576747211e-03	1.000000e+00	6.405122e-01
2.589554312076503e-03	1.000000e+00	5.970753e-01
2.618596323760817e-03	1.000000e+00	5.734845e-01
2.630115531146209e-03	1.000000e+00	5.642709e-01
2.640827500908111e-03	1.000000e+00	5.557805e-01
2.658206775578344e-03	1.000000e+00	5.421714e-01
2.685970938203979e-03	1.000000e+00	5.208772e-01
2.728140448292466e-03	1.000000e+00	4.896591e-01
2.783765843931080e-03	1.000000e+00	4.507262e-01
2.836831910219606e-03	1.000000e+00	4.161522e-01
2.867404651493297e-03	1.000000e+00	3.974377e-01
2.879669707121633e-03	1.000000e+00	3.901864e-01
2.890102087025290e-03	1.000000e+00	3.841364e-01
2.907034152045632e-03	1.000000e+00	3.745506e-01
2.934122580253909e-03	1.000000e+00	3.598238e-01
2.975445983427798e-03	1.000000e+00	3.388276e-01
3.030584654627244e-03	1.000000e+00	3.136292e-01
3.084436995141897e-03	1.000000e+00	2.921715e-01
3.116334063734138e-03	1.000000e+00	2.809412e-01
3.129268276410236e-03	1.000000e+00	2.767012e-01
3.139448827861647e-03	1.000000e+00	2.734911e-01
3.155977494045573e-03	1.000000e+00	2.685173e-01
3.182453366630535e-03	1.000000e+00	2.611611e-01
3.222996975508396e-03	1.000000e+00	2.513413e-01
3.277645869797320e-03	1.000000e+00	2.408223e-01
3.332158782982540e-03	1.000000e+00	2.333533e-01
3.365295156271310e-03	1.000000e+00	2.302435e-01
3.378877785457108e-03	1.000000e+00	2.292726e-01
3.388813305760167e-03	1.000000e+00	2.286719e-01
3.404948941937895e-03	1.000000e+00	2.278906e-01
3.430825337880328e-03	1.000000e+00	2.271298e-01
3.470594385028183e-03	1.000000e+00	2.271030e-01
3.524719392194039e-03	1.000000e+00	2.291738e-01
3.579826405375945e-03	1.000000e+00	2.336032e-01
3.614209774447995e-03	1.000000e+00	2.374656e-01
3.628468717256166e-03	1.000000e+00	2.392988e-01
3.638147486483236e-03	1.000000e+00	2.406169e-01
3.653870765421249e-03	1.000000e+00	2.428813e-01
3.679115467930983e-03	1.000000e+00	2.468222e-01
3.718056480875342e-03	1.000000e+00	2.535895e-01
3.771581950714199e-03	1.000000e+00	2.641104e-01
3.827254365988560e-03	1.000000e+00	2.763354e-01
3.862986049431161e-03	1.000000e+00	2.847605e-01
3.878005994700642e-03	1.000000e+00	2.884169e-01
3.887394267734028e-03	1.000000e+00	2.907329e-01
3.902650368466380e-03	1.000000e+00	2.945425e-01
3.927176127939525e-03	1.000000e+00	3.007737e-01
3.965160434810961e-03	1.000000e+00	3.106375e-01
4.017944615787234e-03	1.000000e+00	3.246404e-01
4.074178752006632e-03	1.000000e+00	3.397315e-01
4.111483899262373e-03	1.000000e+00	3.497324e-01
4.127435542492065e-03	1.000000e+00	3.539857e-01
4.136465600072736e-03	1.000000e+00	3.563838e-01
4.151144749719422e-03	1.000000e+00	3.602641e-01
4.174778041193189e-03	1.000000e+00	3.664549e-01
4.211554363451292e-03	1.000000e+00	3.759157e-01
4.263331807115984e-03	1.000000e+00	3.887795e-01
4.320131768883439e-03	1.000000e+00	4.021215e-01
4.359439131733958e-03	1.000000e+00	4.107961e-01
4.376654123774649e-03	1.000000e+00	4.144344e-01
4.385193365552778e-03	1.000000e+00	4.162004e-01
4.399080545746241e-03	1.000000e+00	4.190156e-01
4.421480941361428e-03	1.000000e+00	4.234033e-01
4.456553246099577e-03	1.000000e+00	4.298749e-01
4.506784498876414e-03	1.000000e+00	4.382441e-01
4.564102892033598e-03	1.000000e+00	4.464156e-01
4.606238961108521e-03	1.000000e+00	4.514362e-01
4.625417973488489e-03	1.000000e+00	4.534347e-01
4.633180592769137e-03	1.000000e+00	4.541917e-01
4.645811562369186e-03	1.000000e+00	4.553588e-01
4.666239301144012e-03	1.000000e+00	4.570757e-01
4.698506395149270e-03	1.000000e+00	4.593537e-01
4.745898539683318e-03	1.000000e+00	4.617258e-01
4.803332143880974e-03	1.000000e+00	4.630362e-01
4.850017280960762e-03	1.000000e+00	4.628377e-01
4.872957803793194e-03	1.000000e+00	4.623269e-01
4.881740812673154e-03	1.000000e+00	4.620598e-01
4.893471126938530e-03	1.000000e+00	4.616415e-01
4.912472944067757e-03	1.000000e+00	4.608156e-01
4.942657320860582e-03	1.000000e+00	4.591304e-01
4.987728170105973e-03	1.000000e+00	4.557775e-01
5.044634811097945e-03	1.000000e+00	4.501573e-01
5.144634811097945e-03	1.000000e+00	4.367836e-01
5.244634811097946e-03	1.000000e+00	4.193689e-01
5.344634811097946e-03	1.000000e+00	3.985230e-01
5.444634811097946e-03	1.000000e+00	3.749329e-01
5.544634811097946e-03	1.000000e+00	3.493324e-01
5.644634811097947e-03	1.000000e+00	3.224733e-01
5.744634811097947e-03	1.000000e+00	2.950979e-01
5.844634811097947e-03	1.000000e+00	2.679138e-01
5.944634811097947e-03	1.000000e+00	2.415723e-01
6.044634811097948e-03	1.000000e+00	2.166497e-01
6.144634811097948e-03	1.000000e+00	1.936335e-01
6.244634811097948e-03	1.000000e+00	1.729118e-01
6.344634811097948e-03	1.000000e+00	1.547680e-01
6.444634811097949e-03	1.000000e+00	1.393787e-01
6.544634811097949e-03	1.000000e+00	1.268156e-01
6.644634811097949e-03	1.000000e+00	1.170515e-01
6.744634811097949e-03	1.000000e+00	1.099686e-01
6.844634811097950e-03	1.000000e+00	1.053692e-01
6.944634811097950e-03	1.000000e+00	1.029891e-01
7.044634811097950e-03	1.000000e+00	1.025118e-01
7.144634811097950e-03	1.000000e+00	1.035831e-01
7.244634811097951e-03	1.000000e+00	1.058265e-01
7.344634811097951e-03	1.000000e+00	1.088577e-01
7.444634811097951e-03	1.000000e+00	1.122988e-01
7.544634811097952e-03	1.000000e+00	1.157906e-01
7.644634811097952e-03	1.000000e+00	1.190034e-01
7.744634811097952e-03	1.000000e+00	1.216463e-01
7.844634811097952e-03	1.000000e+00	1.234744e-01
7.944634811097952e-03	1.000000e+00	1.242933e-01
8.044634811097951e-03	1.000000e+00	1.239621e-01
8.144634811097951e-03	1.000000e+00	1.223940e-01
8.244634811097950e-03	1.000000e+00	1.195552e-01
8.344634811097949e-03	1.000000e+00	1.154619e-01
8.444634811097949e-03	1.000000e+00	1.101758e-01
8.544634811097948e-03	1.000000e+00	1.037983e-01
8.644634811097947e-03	1.000000e+00	9.646419e-02
8.744634811097947e-03	1.000000e+00	8.833400e-02
8.844634811097946e-03	1.000000e+00	7.958662e-02
8.944634811097946e-03	1.000000e+00	7.041156e-02
9.044634811097945e-03	1.000000e+00	6.100159e-02
9.144634811097944e-03	1.000000e+00	5.154567e-02
9.244634811097944e-03	1.000000e+00	4.222275e-02
9.344634811097943e-03	1.000000e+00	3.319624e-02
9.444634811097943e-03	1.000000e+00	2.460954e-02
9.544634811097942e-03	1.000000e+00	1.658253e-02
9.644634811097941e-03	1.000000e+00	9.209270e-03
9.744634811097941e-03	1.000000e+00	2.556601e-03
9.844634811097940e-03	1.000000e+00	-3.336037e-03
9.944634811097940e-03	1.000000e+00	-8.455943e-03
1.004463481109794e-02	1.000000e+00	-1.281554e-02
1.014463481109794e-02	1.000000e+00	-1.645007e-02
1.024463481109794e-02	1.000000e+00	-1.941462e-02
1.034463481109794e-02	1.000000e+00	-2.178077e-02
1.044463481109794e-02	1.000000e+00	-2.363281e-02
1.054463481109794e-02	1.000000e+00	-2.506395e-02
1.064463481109794e-02	1.000000e+00	-2.617237e-02
1.074463481109793e-02	1.000000e+00	-2.705753e-02
1.084463481109793e-02	1.000000e+00	-2.781662e-02
1.094463481109793e-02	1.000000e+00	-2.854143e-02
1.104463481109793e-02	1.000000e+00	-2.931560e-02
1.114463481109793e-02	1.000000e+00	-3.021241e-02
1.124463481109793e-02	1.000000e+00	-3.129305e-02
1.134463481109793e-02	1.000000e+00	-3.260548e-02
1.144463481109793e-02	1.000000e+00	-3.418383e-02
1.154463481109793e-02	1.000000e+00	-3.604830e-02
1.164463481109793e-02	1.000000e+00	-3.820556e-02
1.174463481109793e-02	1.000000e+00	-4.064964e-02
1.184463481109793e-02	1.000000e+00	-4.336308e-02
1.194463481109793e-02	1.000000e+00	-4.631850e-02
1.204463481109793e-02	1.000000e+00	-4.948032e-02
1.214463481109793e-02	1.000000e+00	-5.280668e-02
1.224463481109793e-02	1.000000e+00	-5.625136e-02
1.234463481109793e-02	1.000000e+00	-5.976579e-02
1.244463481109792e-02	1.000000e+00	-6.330091e-02
1.254463481109792e-02	1.000000e+00	-6.680896e-02
1.264463481109792e-02	1.000000e+00	-7.024504e-02
1.274463481109792e-02	1.000000e+00	-7.356852e-02
1.284463481109792e-02	1.000000e+00	-7.674404e-02
1.294463481109792e-02	1.000000e+00	-7.974249e-02
1.304463481109792e-02	1.000000e+00	-8.254145e-02
1.314463481109792e-02	1.000000e+00	-8.512554e-02
1.324463481109792e-02	1.000000e+00	-8.748642e-02
1.334463481109792e-02	1.000000e+00	-8.962255e-02
1.344463481109792e-02	1.000000e+00	-9.153873e-02
1.354463481109792e-02	1.000000e+00	-9.324553e-02
1.364463481109792e-02	1.000000e+00	-9.475843e-02
1.374463481109792e-02	1.000000e+00	-9.609697e-02
1.384463481109792e-02	1.000000e+00	-9.728378e-02
1.404463481109791e-02	1.000000e+00	-9.930214e-02
1.414463481109791e-02	1.000000e+00	-1.001854e-01
1.424463481109791e-02	1.000000e+00	-1.010186e-01
1.434463481109791e-02	1.000000e+00	-1.018253e-01
1.444463481109791e-02	1.000000e+00	-1.026270e-01
1.454463481109791e-02	1.000000e+00	-1.034424e-01
1.464463481109791e-02	1.000000e+00	-1.042868e-01
1.474463481109791e-02	1.000000e+00	-1.051723e-01
1.484463481109791e-02	1.000000e+00	-1.061074e-01
1.494463481109791e-02	1.000000e+00	-1.070968e-01
1.504463481109791e-02	1.000000e+00	-1.081421e-01
1.514463481109791e-02	1.000000e+00	-1.092414e-01
1.524463481109791e-02	1.000000e+00	-1.103901e-01
1.534463481109791e-02	1.000000e+00	-1.115808e-01
1.544463481109791e-02	1.000000e+00	-1.128046e-01
1.554463481109791e-02	1.000000e+00	-1.140507e-01
1.574463481109790e-02	1.000000e+00	-1.165621e-01
1.584463481109790e-02	1.000000e+00	-1.178030e-01
1.594463481109790e-02	1.000000e+00	-1.190180e-01
1.604463481109790e-02	1.000000e+00	-1.201960e-01
1.614463481109790e-02	1.000000e+00	-1.213272e-01
1.624463481109790e-02	1.000000e+00	-1.224030e-01
1.634463481109790e-02	1.000000e+00	-1.234165e-01
1.644463481109790e-02	1.000000e+00	-1.243626e-01
1.654463481109790e-02	1.000000e+00	-1.252381e-01
1.664463481109790e-02	1.000000e+00	-1.260412e-01
1.674463481109790e-02	1.000000e+00	-1.267723e-01
1.684463481109790e-02	1.000000e+00	-1.274332e-01
1.694463481109790e-02	1.000000e+00	-1.280270e-01
1.704463481109790e-02	1.000000e+00	-1.285583e-01
1.714463481109790e-02	1.000000e+00	-1.290325e-01
1.744463481109789e-02	1.000000e+00	-1.301766e-01
1.754463481109789e-02	1.000000e+00	-1.304880e-01
1.764463481109789e-02	1.000000e+00	-1.307755e-01
1.774463481109789e-02	1.000000e+00	-1.310456e-01
1.784463481109789e-02	1.000000e+00	-1.313037e-01
1.794463481109789e-02	1.000000e+00	-1.315548e-01
1.804463481109789e-02	1.000000e+00	-1.318028e-01
1.814463481109789e-02	1.000000e+00	-1.320509e-01
1.824463481109789e-02	1.000000e+00	-1.323014e-01
1.834463481109789e-02	1.000000e+00	-1.325555e-01
1.844463481109789e-02	1.000000e+00	-1.328135e-01
1.854463481109789e-02	1.000000e+00	-1.330752e-01
1.864463481109789e-02	1.000000e+00	-1.333394e-01
1.874463481109789e-02	1.000000e+00	-1.336042e-01
1.884463481109789e-02	1.000000e+00	-1.338675e-01
1.904463481109788e-02	1.000000e+00	-1.343788e-01
1.924463481109788e-02	1.000000e+00	-1.348500e-01
1.934463481109788e-02	1.000000e+00	-1.350634e-01
1.944463481109788e-02	1.000000e+00	-1.352583e-01
1.954463481109788e-02	1.000000e+00	-1.354324e-01
1.964463481109788e-02	1.000000e+00	-1.355839e-01
1.974463481109788e-02	1.000000e+00	-1.357112e-01
1.984463481109788e-02	1.000000e+00	-1.358132e-01
1.994463481109788e-02	1.000000e+00	-1.358894e-01
2.004463481109788e-02	1.000000e+00	-1.359396e-01
2.014463481109788e-02	1.000000e+00	-1.359641e-01
2.024463481109788e-02	1.000000e+00	-1.359635e-01
2.034463481109788e-02	1.000000e+00	-1.359391e-01
2.054463481109788e-02	1.000000e+00	-1.358240e-01
2.084463481109787e-02	1.000000e+00	-1.355121e-01
2.104463481109787e-02	1.000000e+00	-1.352333e-01
2.114463481109787e-02	1.000000e+00	-1.350782e-01
2.124463481109787e-02	1.000000e+00	-1.349146e-01
2.134463481109787e-02	1.000000e+00	-1.347440e-01
2.144463481109787e-02	1.000000e+00	-1.345674e-01
2.154463481109787e-02	1.000000e+00	-1.343858e-01
2.164463481109787e-02	1.000000e+00	-1.341998e-01
2.174463481109787e-02	1.000000e+00	-1.340098e-01
2.184463481109787e-02	1.000000e+00	-1.338160e-01
2.194463481109787e-02	1.000000e+00	-1.336184e-01
2.204463481109787e-02	1.000000e+00	-1.334167e-01
2.224463481109787e-02	1.000000e+00	-1.329997e-01
2.233034909681215e-02	1.000000e+00	-1.328156e-01
2.241606338252643e-02	1.000000e+00	-1.326261e-01
2.250177766824072e-02	1.000000e+00	-1.324311e-01
2.258749195395501e-02	1.000000e+00	-1.322308e-01
2.267320623966929e-02	1.000000e+00	-1.320250e-01
2.275892052538358e-02	1.000000e+00	-1.318138e-01
2.284463481109786e-02	1.000000e+00	-1.315973e-01
2.304463481109786e-02	1.000000e+00	-1.310634e-01
2.324463481109786e-02	1.000000e+00	-1.304909e-01
2.344463481109786e-02	1.000000e+00	-1.298791e-01
2.364463481109786e-02	1.000000e+00	-1.292290e-01
2.394463481109785e-02	1.000000e+00	-1.281881e-01
2.405892052538357e-02	1.000000e+00	-1.277712e-01
2.417320623966928e-02	1.000000e+00	-1.273475e-01
2.428749195395500e-02	1.000000e+00	-1.269171e-01
2.440177766824071e-02	1.000000e+00	-1.264798e-01
2.451606338252642e-02	1.000000e+00	-1.260357e-01
2.463034909681214e-02	1.000000e+00	-1.255849e-01
2.474463481109785e-02	1.000000e+00	-1.251272e-01
2.494463481109785e-02	1.000000e+00	-1.243191e-01
2.514463481109785e-02	1.000000e+00	-1.234994e-01
2.544463481109785e-02	1.000000e+00	-1.222502e-01
2.557320623966928e-02	1.000000e+00	-1.217082e-01
2.570177766824070e-02	1.000000e+00	-1.211613e-01
2.583034909681213e-02	1.000000e+00	-1.206094e-01
2.595892052538356e-02	1.000000e+00	-1.200526e-01
2.608749195395499e-02	1.000000e+00	-1.194907e-01
2.621606338252641e-02	1.000000e+00	-1.189240e-01
2.634463481109784e-02	1.000000e+00	-1.183522e-01
2.664463481109784e-02	1.000000e+00	-1.169956e-01
2.680177766824069e-02	1.000000e+00	-1.162716e-01
2.695892052538355e-02	1.000000e+00	-1.155413e-01
2.711606338252641e-02	1.000000e+00	-1.148048e-01
2.727320623966926e-02	1.000000e+00	-1.140621e-01
2.743034909681212e-02	1.000000e+00	-1.133132e-01
2.758749195395498e-02	1.000000e+00	-1.125580e-01
2.774463481109783e-02	1.000000e+00	-1.117967e-01
2.795892052538354e-02	1.000000e+00	-1.107529e-01
2.817320623966926e-02	1.000000e+00	-1.097061e-01
2.838749195395497e-02	1.000000e+00	-1.086562e-01
2.860177766824068e-02	1.000000e+00	-1.076033e-01
2.881606338252640e-02	1.000000e+00	-1.065473e-01
2.903034909681211e-02	1.000000e+00	-1.054882e-01
2.924463481109782e-02	1.000000e+00	-1.044260e-01
2.953034909681211e-02	1.000000e+00	-1.030058e-01
2.981606338252639e-02	1.000000e+00	-1.015847e-01
3.010177766824067e-02	1.000000e+00	-1.001627e-01
3.038749195395496e-02	1.000000e+00	-9.873975e-02
3.067320623966924e-02	1.000000e+00	-9.731586e-02
3.095892052538353e-02	1.000000e+00	-9.589104e-02
3.124463481109781e-02	1.000000e+00	-9.446529e-02
3.157320623966925e-02	1.000000e+00	-9.283264e-02
3.190177766824068e-02	1.000000e+00	-9.120997e-02
3.223034909681213e-02	1.000000e+00	-8.959726e-02
3.255892052538356e-02	1.000000e+00	-8.799452e-02
3.288749195395500e-02	1.000000e+00	-8.640174e-02
3.321606338252644e-02	1.000000e+00	-8.481893e-02
3.354463481109787e-02	1.000000e+00	-8.324609e-02
3.438749195395504e-02	1.000000e+00	-7.925774e-02
3.523034909681221e-02	1.000000e+00	-7.538651e-02
3.607320623966938e-02	1.000000e+00	-7.163240e-02
3.691606338252654e-02	1.000000e+00	-6.799540e-02
3.775892052538371e-02	1.000000e+00	-6.447553e-02
3.860177766824088e-02	1.000000e+00	-6.107277e-02
3.944463481109804e-02	1.000000e+00	-5.778713e-02
4.000000000000000e-02	1.000000e+00	-5.570187e-02
